.009947028364643173	.010147256016504234	.010649578283680598	.014142385726060023	.015837733015031923	.010320371356914482	.010323137906763149	.008049021642746608	.010119673356138892	.010112370228874382	.01074408526620901	.011454887158624931	.00994974013264239	.010315065079968537	.009948154650052447	.009942788679843335	.010028469623868988	.009849616181756685	.009947972432252438
.010147256016504234	.0003312535393574789	.0009146252667493922	.002436241669666486	.01644289235287608	.000447767766123066	.0007607879570560964	.003039614797996507	.0009586026366258799	.0025320694072172457	.009345111405633457	.009860638447226004	.0003304938289253566	5685640318023322e-20	.0003363650507915393	.0008692207848685733	6424267667734865e-20	.0007320181117516714	.0005353477374840029
.010649578283680598	.0009146252667493922	.00103442153022126	.003485537931133518	.016546666543073806	.0010799709304626023	.0013950437459773826	.0030127167099397913	.0016190016660073553	.0031548569816537628	.009330764329823424	.009940085385200643	.0010125041164200516	.0008664109475062486	.0010375597505951906	.0010313359484984408	.0006477416002152667	45547668051239276e-21	.001197973561833595
.014142385726060023	.002436241669666486	.003485537931133518	.0024918704532334197	.015823450852354162	.002780619955800926	.002482824899346323	.0038141693540105145	.002604633969046406	.0035259414230081453	.009541284659506757	.010600683188822527	.002499600595580208	.002334282339881451	.0024261380033048265	.0025898220913506166	.002267305282461562	.003406186966319835	.0025450880161208243
.015837733015031923	.01644289235287608	.016546666543073806	.015823450852354162	.016355481093496358	.01635425325389447	.01638430354678213	.017117547747583943	.016241733975684014	.01610333351480073	.015731346612168243	.016351815633319732	.016355200778313757	.016328527015984882	.016355265515754062	.016353313778358598	.01635426419434438	.016311739857652517	.01633521641412971
.010320371356914482	.000447767766123066	.0010799709304626023	.002780619955800926	.01635425325389447	9355255365528503e-20	.00047405167557796474	.002997733288233849	.0006969828137594336	.0023491807019712842	.009333137779138996	.009912549424485297	8627343099772838e-20	.0001334117541034914	9576591684338359e-20	.0008357413780566772	.00014383137776583302	.0007522841781379165	.0003273018533889345
.010323137906763149	.0007607879570560964	.0013950437459773826	.002482824899346323	.01638430354678213	.00047405167557796474	.00039725998571564156	.0030307672282330056	.0009047175137731692	.0025123932805367222	.009326836161573399	.009899749262926909	.0003783858905477451	.00017521576007945017	.00040036751200214077	.0008791742822910065	.00014798106597168834	.0006216379220702166	.0005772164030212225
.008049021642746608	.003039614797996507	.0030127167099397913	.0038141693540105145	.017117547747583943	.002997733288233849	.0030307672282330056	.0029833882908340686	.0030922518783185193	.0018252672767062536	.009303527055943162	.009956336181281085	.002968531375406718	.0029132196208721834	.0029353135207451815	.0021330684465584396	.0029699924534844976	.0023627048878285817	.0030457893000112677
.010119673356138892	.0009586026366258799	.0016190016660073553	.002604633969046406	.016241733975684014	.0006969828137594336	.0009047175137731692	.0030922518783185193	.0005779785811508391	.0027868380130381	.00942904077846905	.00841573728144733	.0005731382311851344	.00035391441984044744	.0005839225174402302	.0010127905553913505	.0003432533088752743	.00043528038388542314	.0007920331677106346
.010112370228874382	.0025320694072172457	.0031548569816537628	.0035259414230081453	.01610333351480073	.0023491807019712842	.0025123932805367222	.0018252672767062536	.0027868380130381	.002276676834975502	.00965556290077654	.0025387667527506288	.0022727767590002574	.0020628436227552015	.002282269132901792	.0022935090884817853	.0021274848618640617	.0011503730280203427	.0024242728602985927
.01074408526620901	.009345111405633457	.009330764329823424	.009541284659506757	.015731346612168243	.009333137779138996	.009326836161573399	.009303527055943162	.00942904077846905	.00965556290077654	.009332251125363622	.009986648054911118	.009326742087482572	.009317981493914527	.009332531719521184	.009326340836934763	.009320355181794101	.009055675836127307	.009361794816504667
.011454887158624931	.009860638447226004	.009940085385200643	.010600683188822527	.016351815633319732	.009912549424485297	.009899749262926909	.009956336181281085	.00841573728144733	.0025387667527506288	.009986648054911118	.00991009276126937	.00990848936238052	.009913146555881217	.009909773191060154	.009907908993881515	.009556875546109157	.010774785952240587	.0099255011434063
.00994974013264239	.0003304938289253566	.0010125041164200516	.002499600595580208	.016355200778313757	8627343099772838e-20	.0003783858905477451	.002968531375406718	.0005731382311851344	.0022727767590002574	.009326742087482572	.00990848936238052	10702154786049883e-21	.0002324934673728317	11459973600351503e-21	.0007941868475462646	.00021055381242725615	.0008066266537210195	.00021997740192093024
.010315065079968537	5685640318023322e-20	.0008664109475062486	.002334282339881451	.016328527015984882	.0001334117541034914	.00017521576007945017	.0029132196208721834	.00035391441984044744	.0020628436227552015	.009317981493914527	.009913146555881217	.0002324934673728317	.00021560120177306283	.00021919318890573775	.0006437499332912038	.00042031210394007784	.0009484971269732509	9167144440127423e-21
.009948154650052447	.0003363650507915393	.0010375597505951906	.0024261380033048265	.016355265515754062	9576591684338359e-20	.00040036751200214077	.0029353135207451815	.0005839225174402302	.002282269132901792	.009332531719521184	.009909773191060154	11459973600351503e-21	.00021919318890573775	16954552128183031e-22	.0008157507845414878	.00022039462176686592	.0007882886055194833	.00022829216120780899
.009942788679843335	.0008692207848685733	.0010313359484984408	.0025898220913506166	.016353313778358598	.0008357413780566772	.0008791742822910065	.0021330684465584396	.0010127905553913505	.0022935090884817853	.009326340836934763	.009907908993881515	.0007941868475462646	.0006437499332912038	.0008157507845414878	.0008141583895138679	.0006843061887525925	28866240716653863e-21	.000981576001391024
.010028469623868988	6424267667734865e-20	.0006477416002152667	.002267305282461562	.01635426419434438	.00014383137776583302	.00014798106597168834	.0029699924534844976	.0003432533088752743	.0021274848618640617	.009320355181794101	.009556875546109157	.00021055381242725615	.00042031210394007784	.00022039462176686592	.0006843061887525925	.00018694198344450588	.0009832563319557702	1545731785271981e-20
.009849616181756685	.0007320181117516714	45547668051239276e-21	.003406186966319835	.016311739857652517	.0007522841781379165	.0006216379220702166	.0023627048878285817	.00043528038388542314	.0011503730280203427	.009055675836127307	.010774785952240587	.0008066266537210195	.0009484971269732509	.0007882886055194833	28866240716653863e-21	.0009832563319557702	.0007849088610395738	.0005586163040237173
.009947972432252438	.0005353477374840029	.001197973561833595	.0025450880161208243	.01633521641412971	.0003273018533889345	.0005772164030212225	.0030457893000112677	.0007920331677106346	.0024242728602985927	.009361794816504667	.0099255011434063	.00021997740192093024	9167144440127423e-21	.00022829216120780899	.000981576001391024	1545731785271981e-20	.0005586163040237173	.00022745574124997253
