0.0033156761215477246	0.0033824186721680785	0.003549859427893533	0.004714128575353341	0.005279244338343975	0.003440123785638161	0.00344104596892105	0.0026830072142488694	0.0033732244520462977	0.003370790076291461	0.0035813617554030035	0.0038182957195416443	0.0033165800442141306	0.003438355026656179	0.003316051550017482	0.003314262893281112	0.0033428232079563296	0.003283205393918895	0.0033159908107508133
0.0033824186721680785	0.00011041784645249297	0.00030487508891646406	0.0008120805565554959	0.00548096411762536	0.00014925592204102257	0.0002535959856853655	0.0010132049326655023	0.0003195342122086272	0.0008440231357390825	0.0031150371352111524	0.0032868794824086685	0.00011016460964178611	1895213439341136e-20	0.00011212168359718035	0.00028974026162285806	21414225559116505e-21	0.00024400603725055654	0.00017844924582800098
0.003549859427893533	0.00030487508891646406	0.00034480717674041997	0.001161845977044506	0.0055155555143579366	0.00035999031015420107	0.0004650145819924609	0.0010042389033132638	0.0005396672220024518	0.0010516189938845882	0.0031102547766078082	0.0033133617950668816	0.0003375013721400172	0.0002888036491687498	0.00034585325019839686	0.00034377864949948055	0.00021591386673842222	15182556017080337e-21	0.00039932452061119863
0.004714128575353341	0.0008120805565554959	0.001161845977044506	0.0008306234844111405	0.005274483617451388	0.0009268733186003093	0.0008276082997821076	0.001271389784670172	0.0008682113230154692	0.0011753138076693818	0.003180428219835586	0.0035335610629408424	0.0008332001985267359	0.000778094113293817	0.0008087126677682761	0.0008632740304502055	0.0007557684274871876	0.0011353956554399454	0.0008483626720402751
0.005279244338343975	0.00548096411762536	0.0055155555143579366	0.005274483617451388	0.005451827031165453	0.0054514177512981574	0.005461434515594043	0.005705849249194648	0.005413911325228005	0.00536777783826691	0.005243782204056082	0.005450605211106578	0.0054517335927712525	0.005442842338661628	0.005451755171918021	0.0054511045927861995	0.005451421398114794	0.005437246619217506	0.005445072138043237
0.003440123785638161	0.00014925592204102257	0.00035999031015420107	0.0009268733186003093	0.0054514177512981574	31184184551761966e-21	0.0001580172251926552	0.0009992444294112833	0.00023232760458647816	0.0007830602339904281	0.003111045926379666	0.003304183141495099	28757810332576128e-21	444705847011638e-19	31921972281127864e-21	0.000278580459352226	47943792588611006e-21	0.00025076139271263884	0.0001091006177963115
0.00344104596892105	0.0002535959856853655	0.0004650145819924609	0.0008276082997821076	0.005461434515594043	0.0001580172251926552	0.00013241999523854776	0.0010102557427443355	0.0003015725045910564	0.0008374644268455741	0.003108945387191133	0.0032999164209756367	0.000126128630182582	5840525335981672e-20	0.00013345583733404692	0.00029305809409700245	4932702199056307e-20	0.0002072126406900722	0.0001924054676737414
0.0026830072142488694	0.0010132049326655023	0.0010042389033132638	0.001271389784670172	0.005705849249194648	0.0009992444294112833	0.0010102557427443355	0.0009944627636113562	0.0010307506261061734	0.0006084224255687512	0.0031011756853143876	0.0033187787270936952	0.000989510458468906	0.000971073206957395	0.0009784378402483938	0.0007110228155194805	0.0009899974844948325	0.0007875682959428611	0.001015263100003756
0.0033732244520462977	0.0003195342122086272	0.0005396672220024518	0.0008682113230154692	0.005413911325228005	0.00023232760458647816	0.0003015725045910564	0.0010307506261061734	0.0001926595270502797	0.0009289460043460339	0.003143013592823017	0.0028052457604824436	0.00019104607706171145	0.00011797147328014915	0.00019464083914674368	0.0003375968517971171	0.00011441776962509143	0.00014509346129514076	0.00026401105590354544
0.003370790076291461	0.0008440231357390825	0.0010516189938845882	0.0011753138076693818	0.00536777783826691	0.0007830602339904281	0.0008374644268455741	0.0006084224255687512	0.0009289460043460339	0.0007588922783251673	0.0032185209669255135	0.0008462555842502096	0.0007575922530000858	0.0006876145409184008	0.0007607563776339307	0.0007645030294939287	0.0007091616206213545	0.0003834576760067812	0.0008080909534328648
0.0035813617554030035	0.0031150371352111524	0.0031102547766078082	0.003180428219835586	0.005243782204056082	0.003111045926379666	0.003108945387191133	0.0031011756853143876	0.003143013592823017	0.0032185209669255135	0.0031107503751212078	0.003328882684970373	0.0031089140291608577	0.0031059938313048423	0.0031108439065070615	0.0031087802789782544	0.003106785060598034	0.003018558612042436	0.003120598272168223
0.0038182957195416443	0.0032868794824086685	0.0033133617950668816	0.0035335610629408424	0.005450605211106578	0.003304183141495099	0.0032999164209756367	0.0033187787270936952	0.0028052457604824436	0.0008462555842502096	0.003328882684970373	0.003303364253756457	0.003302829787460173	0.0033043821852937394	0.003303257730353385	0.0033026363312938386	0.0031856251820363865	0.0035915953174135294	0.003308500381135434
0.0033165800442141306	0.00011016460964178611	0.0003375013721400172	0.0008332001985267359	0.0054517335927712525	28757810332576128e-21	0.000126128630182582	0.000989510458468906	0.00019104607706171145	0.0007575922530000858	0.0031089140291608577	0.003302829787460173	35673849286830053e-22	7749782245760999e-20	3819991200117168e-21	0.0002647289491820885	7018460414241843e-20	0.00026887555124033985	7332580064031008e-20
0.003438355026656179	1895213439341136e-20	0.0002888036491687498	0.000778094113293817	0.005442842338661628	444705847011638e-19	5840525335981672e-20	0.000971073206957395	0.00011797147328014915	0.0006876145409184008	0.0031059938313048423	0.0033043821852937394	7749782245760999e-20	7186706725768703e-20	7306439630191258e-20	0.0002145833110970682	0.00014010403464669204	0.00031616570899108305	30557148133760967e-22
0.003316051550017482	0.00011212168359718035	0.00034585325019839686	0.0008087126677682761	0.005451755171918021	31921972281127864e-21	0.00013345583733404692	0.0009784378402483938	0.00019464083914674368	0.0007607563776339307	0.0031108439065070615	0.003303257730353385	3819991200117168e-21	7306439630191258e-20	565151737606101e-21	0.0002719169281804965	7346487392228835e-20	0.00026276286850649387	7609738706926966e-20
0.003314262893281112	0.00028974026162285806	0.00034377864949948055	0.0008632740304502055	0.0054511045927861995	0.000278580459352226	0.00029305809409700245	0.0007110228155194805	0.0003375968517971171	0.0007645030294939287	0.0031087802789782544	0.0033026363312938386	0.0002647289491820885	0.0002145833110970682	0.0002719169281804965	0.00027138612983795656	0.00022810206291753142	962208023888491e-20	0.0003271920004636747
0.0033428232079563296	21414225559116505e-21	0.00021591386673842222	0.0007557684274871876	0.005451421398114794	47943792588611006e-21	4932702199056307e-20	0.0009899974844948325	0.00011441776962509143	0.0007091616206213545	0.003106785060598034	0.0031856251820363865	7018460414241843e-20	0.00014010403464669204	7346487392228835e-20	0.00022810206291753142	6231399448150196e-20	0.0003277521106519231	5152439284240515e-21
0.003283205393918895	0.00024400603725055654	15182556017080337e-21	0.0011353956554399454	0.005437246619217506	0.00025076139271263884	0.0002072126406900722	0.0007875682959428611	0.00014509346129514076	0.0003834576760067812	0.003018558612042436	0.0035915953174135294	0.00026887555124033985	0.00031616570899108305	0.00026276286850649387	962208023888491e-20	0.0003277521106519231	0.000261636287013191	0.00018620543467457243
0.0033159908107508133	0.00017844924582800098	0.00039932452061119863	0.0008483626720402751	0.005445072138043237	0.0001091006177963115	0.0001924054676737414	0.001015263100003756	0.00026401105590354544	0.0008080909534328648	0.003120598272168223	0.003308500381135434	7332580064031008e-20	30557148133760967e-22	7609738706926966e-20	0.0003271920004636747	5152439284240515e-21	0.00018620543467457243	7581858041665751e-20
