581.7317404758902	588.1322322821017	595.9866894710655	605.8933017936854	605.1780515590624	585.9763992145786	596.5249979490836	627.9858956689632	585.3282947309796	584.1838019258665	589.204543300179	582.516950512935	581.8995108790331	585.5761936267517	581.7831780194941	581.7630461018409	582.0234846572738	580.1095085173783	581.6971306158274
588.1322322821017	26.406262258699748	56.42477741220194	392.6623909568985	501.8913902780564	30.699783047423512	75.56051419360868	393.31980825671235	41.39550471443439	46.55186733043621	74.42232104419901	36.822469303336476	27.976669402026314	29.067324181773387	26.648781078258683	27.5333731351111	22.848944938279104	25.24580679908494	25.32120668877849
595.9866894710655	56.42477741220194	56.914516252672605	371.18265451584114	515.7589151751499	58.952805773368965	88.26705160962987	378.65652290256224	66.87921678669869	68.47847577183924	75.49502801954127	60.60574125620074	57.525916643880834	58.22390685518392	57.02851137170772	57.31767769508249	55.30310328489162	57.72414124153642	56.39818099859653
605.8933017936854	392.6623909568985	371.18265451584114	400.6526718351181	462.41897079529974	399.9753918929182	396.907444219345	454.6971196470571	393.8168502975805	391.446075365959	452.9539297630945	387.29716633157545	400.45492859338157	410.8828003448633	400.37146677709774	400.9578784380641	411.6403634676302	406.00022725325056	401.4810047350593
605.1780515590624	501.8913902780564	515.7589151751499	462.41897079529974	495.04993345642015	494.93526508434286	497.9828643006598	615.293425356436	506.0165205687529	479.88339788410656	463.6996566423557	494.8664448195785	495.0332767810159	494.1953860826394	495.04208778000384	494.8756877382856	494.9966729242665	488.9052249200507	492.66291639179406
585.9763992145786	30.699783047423512	58.952805773368965	399.9753918929182	494.93526508434286	9.890871385223319	67.18186838333963	399.8021030874219	28.186842556455833	37.65036988689654	81.0949128483938	34.435723584268096	12.080081727850601	25.38543366922162	10.223782864661777	12.356077919881722	9.338274071171096	14.92413104604914	12.693597140511994
596.5249979490836	75.56051419360868	88.26705160962987	396.907444219345	497.9828643006598	67.18186838333963	68.13271408118995	380.30533905206414	76.52594805763927	74.96325802334405	64.94456716285417	80.85402445664386	68.30098053395561	59.09536858660293	68.31029524778039	68.1992504774467	66.52659228554306	63.453291870873386	65.90688771244574
627.9858956689632	393.31980825671235	378.65652290256224	454.6971196470571	615.293425356436	399.8021030874219	380.30533905206414	403.3963578111668	391.77158851289175	388.67549865022465	455.1628385808857	391.33440184065154	401.8648420093792	405.93751887796384	404.89057125132007	403.1492134775159	405.30268820163224	408.9676977920698	407.08009892652115
585.3282947309796	41.39550471443439	66.87921678669869	393.8168502975805	506.0165205687529	28.186842556455833	76.52594805763927	391.77158851289175	22.802310727054326	44.3981002435662	73.31151036119932	36.19845169391046	24.79600722150539	23.656524541543902	23.032904671033513	24.30414366232615	18.295978710465086	27.53328130119504	21.88041025175725
584.1838019258665	46.55186733043621	68.47847577183924	391.446075365959	479.88339788410656	37.65036988689654	74.96325802334405	388.67549865022465	44.3981002435662	37.02566668017112	85.27125833785269	36.37982358657542	37.1760366081122	40.61244031281041	37.06924614478096	37.30344716652108	39.304399309781346	34.849126162420646	36.98991188066005
589.204543300179	74.42232104419901	75.49502801954127	452.9539297630945	463.6996566423557	81.0949128483938	64.94456716285417	455.1628385808857	73.31151036119932	85.27125833785269	89.2720251012117	83.20667978031243	86.77143755595556	106.59418883258324	89.0628399389728	88.08606549107067	97.70157476364166	97.44702411565098	93.13763962679624
582.516950512935	36.822469303336476	60.60574125620074	387.29716633157545	494.8664448195785	34.435723584268096	80.85402445664386	391.33440184065154	36.19845169391046	36.37982358657542	83.20667978031243	31.525418488231875	32.12683192792298	38.20274428991095	31.59220356695978	32.07684657222615	30.621118017699764	33.81356239256004	32.34442786646722
581.8995108790331	27.976669402026314	57.525916643880834	400.45492859338157	495.0332767810159	12.080081727850601	68.30098053395561	401.8648420093792	24.79600722150539	37.1760366081122	86.77143755595556	32.12683192792298	3.000222752521781	25.5866849068447	3.2551513654295983	5.872459271498249	6.130369649318741	12.714055101445906	7.9874619758038365
585.5761936267517	29.067324181773387	58.22390685518392	410.8828003448633	494.1953860826394	25.38543366922162	59.09536858660293	405.93751887796384	23.656524541543902	40.61244031281041	106.59418883258324	38.20274428991095	25.5866849068447	25.91927618253523	25.75924920962568	26.024439184452582	27.54966187005242	32.47967123104286	28.126368312722843
581.7831780194941	26.648781078258683	57.02851137170772	400.37146677709774	495.04208778000384	10.223782864661777	68.31029524778039	404.89057125132007	23.032904671033513	37.06924614478096	89.0628399389728	31.59220356695978	3.2551513654295983	25.75924920962568	0.5360403831847669	4.004325285598318	8.146934601320465	12.553547170906079	7.158767401888482
581.7630461018409	27.5333731351111	57.31767769508249	400.9578784380641	494.8756877382856	12.356077919881722	68.1992504774467	403.1492134775159	24.30414366232615	37.30344716652108	88.08606549107067	32.07684657222615	5.872459271498249	26.024439184452582	4.004325285598318	3.7777465053001484	7.246553083448163	14.090113741753152	9.140939258148169
582.0234846572738	22.848944938279104	55.30310328489162	411.6403634676302	494.9966729242665	9.338274071171096	66.52659228554306	405.30268820163224	18.295978710465086	39.304399309781346	97.70157476364166	30.621118017699764	6.130369649318741	27.54966187005242	8.146934601320465	7.246553083448163	8.53341236740395	16.27672903078035	11.817781699523549
580.1095085173783	25.24580679908494	57.72414124153642	406.00022725325056	488.9052249200507	14.92413104604914	63.453291870873386	408.9676977920698	27.53328130119504	34.849126162420646	97.44702411565098	33.81356239256004	12.714055101445906	32.47967123104286	12.553547170906079	14.090113741753152	16.27672903078035	12.588965323980627	17.428980325820973
581.6971306158274	25.32120668877849	56.39818099859653	401.4810047350593	492.66291639179406	12.693597140511994	65.90688771244574	407.08009892652115	21.88041025175725	36.98991188066005	93.13763962679624	32.34442786646722	7.9874619758038365	28.126368312722843	7.158767401888482	9.140939258148169	11.817781699523549	17.428980325820973	7.13521154587141
