581.7317404758902	588.1322322821019	595.9866894710655	605.8933017936855	605.1780515590624	585.9763992145786	596.5249979490836	627.9858956689633	585.3282947309798	584.1838019258666	589.2045433001794	582.516950512935	581.8995108790331	585.5761936267517	581.7831780194941	581.7630461018409	582.0234846572738	580.1095085173785	581.6971306158275
588.1322322821019	26.40626225869973	56.42477741220192	392.6623909568985	501.89139027805646	30.69978304742351	75.5605141936087	393.3198082567123	41.39550471443439	46.551867330436245	74.42232104419904	36.82246930333647	27.97666940202632	29.067324181773394	26.64878107825868	27.533373135111095	22.8489449382791	25.24580679908493	25.321206688778485
595.9866894710655	56.42477741220192	56.91451625267259	371.1826545158411	515.7589151751498	58.952805773368944	88.26705160962987	378.6565229025622	66.87921678669869	68.47847577183929	75.49502801954127	60.60574125620074	57.52591664388084	58.22390685518394	57.02851137170766	57.317677695082494	55.30310328489163	57.72414124153639	56.39818099859655
605.8933017936855	392.6623909568985	371.1826545158411	400.65267183511804	462.41897079529963	399.97539189291825	396.907444219345	454.6971196470572	393.8168502975804	391.44607536595913	452.95392976309455	387.2971663315755	400.4549285933815	410.8828003448634	400.37146677709774	400.9578784380641	411.64036346763015	406.0002272532505	401.4810047350594
605.1780515590624	501.89139027805646	515.7589151751498	462.41897079529963	495.0499334564201	494.93526508434286	497.98286430065974	615.293425356436	506.0165205687531	479.8833978841066	463.6996566423558	494.8664448195784	495.0332767810159	494.19538608263923	495.0420877800038	494.87568773828565	494.99667292426636	488.9052249200505	492.66291639179406
585.9763992145786	30.69978304742351	58.952805773368944	399.97539189291825	494.93526508434286	9.890871385223319	67.18186838333965	399.80210308742187	28.186842556455833	37.65036988689654	81.0949128483938	34.435723584268096	12.080081727850601	25.38543366922162	10.223782864661777	12.356077919881722	9.338274071171096	14.92413104604914	12.693597140511994
596.5249979490836	75.5605141936087	88.26705160962987	396.907444219345	497.98286430065974	67.18186838333965	68.13271408118995	380.3053390520642	76.52594805763927	74.96325802334407	64.94456716285418	80.85402445664384	68.3009805339556	59.095368586602945	68.31029524778039	68.19925047744671	66.52659228554305	63.4532918708734	65.90688771244574
627.9858956689633	393.3198082567123	378.6565229025622	454.6971196470572	615.293425356436	399.80210308742187	380.3053390520642	403.3963578111668	391.7715885128917	388.67549865022465	455.1628385808856	391.3344018406516	401.8648420093791	405.93751887796384	404.89057125132007	403.14921347751584	405.30268820163235	408.9676977920697	407.0800989265212
585.3282947309798	41.39550471443439	66.87921678669869	393.8168502975804	506.0165205687531	28.186842556455833	76.52594805763927	391.7715885128917	22.802310727054326	44.398100243566184	73.31151036119932	36.19845169391045	24.796007221505388	23.656524541543895	23.032904671033513	24.30414366232614	18.295978710465086	27.533281301195025	21.88041025175724
584.1838019258666	46.551867330436245	68.47847577183929	391.44607536595913	479.8833978841066	37.65036988689654	74.96325802334407	388.67549865022465	44.398100243566184	37.02566668017112	85.2712583378527	36.37982358657543	37.1760366081122	40.61244031281041	37.06924614478096	37.303447166521075	39.304399309781346	34.84912616242065	36.98991188066005
589.2045433001794	74.42232104419904	75.49502801954127	452.95392976309455	463.6996566423558	81.0949128483938	64.94456716285418	455.1628385808856	73.31151036119932	85.2712583378527	89.27202510121171	83.2066797803124	86.77143755595556	106.59418883258326	89.06283993897283	88.08606549107067	97.70157476364164	97.44702411565098	93.13763962679624
582.516950512935	36.82246930333647	60.60574125620074	387.2971663315755	494.8664448195784	34.435723584268096	80.85402445664384	391.3344018406516	36.19845169391045	36.37982358657543	83.2066797803124	31.525418488231875	32.126831927922986	38.20274428991096	31.592203566959775	32.07684657222615	30.621118017699764	33.81356239256004	32.34442786646722
581.8995108790331	27.97666940202632	57.52591664388084	400.4549285933815	495.0332767810159	12.080081727850601	68.3009805339556	401.8648420093791	24.796007221505388	37.1760366081122	86.77143755595556	32.126831927922986	3.00022275252178	25.5866849068447	3.255151365429598	5.872459271498249	6.130369649318741	12.714055101445906	7.9874619758038365
585.5761936267517	29.067324181773394	58.22390685518394	410.8828003448634	494.19538608263923	25.38543366922162	59.095368586602945	405.93751887796384	23.656524541543895	40.61244031281041	106.59418883258326	38.20274428991096	25.5866849068447	25.919276182535235	25.759249209625676	26.02443918445258	27.549661870052425	32.47967123104286	28.12636831272285
581.7831780194941	26.64878107825868	57.02851137170766	400.37146677709774	495.0420877800038	10.223782864661777	68.31029524778039	404.89057125132007	23.032904671033513	37.06924614478096	89.06283993897283	31.592203566959775	3.255151365429598	25.759249209625676	.536040383184767	4.00432528559832	8.146934601320465	12.553547170906079	7.158767401888482
581.7630461018409	27.533373135111095	57.317677695082494	400.9578784380641	494.87568773828565	12.356077919881722	68.19925047744671	403.14921347751584	24.30414366232614	37.303447166521075	88.08606549107067	32.07684657222615	5.872459271498249	26.02443918445258	4.00432528559832	3.777746505300148	7.246553083448162	14.09011374175315	9.140939258148169
582.0234846572738	22.8489449382791	55.30310328489163	411.64036346763015	494.99667292426636	9.338274071171096	66.52659228554305	405.30268820163235	18.295978710465086	39.304399309781346	97.70157476364164	30.621118017699764	6.130369649318741	27.549661870052425	8.146934601320465	7.246553083448162	8.53341236740395	16.276729030780345	11.817781699523549
580.1095085173785	25.24580679908493	57.72414124153639	406.0002272532505	488.9052249200505	14.92413104604914	63.4532918708734	408.9676977920697	27.533281301195025	34.84912616242065	97.44702411565098	33.81356239256004	12.714055101445906	32.47967123104286	12.553547170906079	14.09011374175315	16.276729030780345	12.588965323980627	17.428980325820977
581.6971306158275	25.321206688778485	56.39818099859655	401.4810047350594	492.66291639179406	12.693597140511994	65.90688771244574	407.0800989265212	21.88041025175724	36.98991188066005	93.13763962679624	32.34442786646722	7.9874619758038365	28.12636831272285	7.158767401888482	9.140939258148169	11.817781699523549	17.428980325820977	7.135211545871409
